Camera matrix : 

[[ 392.02856354    0.          310.92305289]
 [   0.          524.58542734  206.82658219]
 [   0.            0.            1.        ]]
dist : 

[[ -4.19264956e-01   2.11811750e-01  -1.59877416e-04  -1.14680998e-02
    2.19226266e-01]]
rvecs : 

[array([[-0.59925661],
       [-0.71016426],
       [ 1.42611667]]), array([[-0.21452432],
       [-0.21281343],
       [ 1.63801172]]), array([[ 0.14582199],
       [ 0.07065076],
       [ 2.09950062]]), array([[-0.04654783],
       [-0.19495939],
       [ 1.5731104 ]]), array([[-0.16974075],
       [-0.18880677],
       [ 1.59843845]]), array([[-0.11774551],
       [ 0.08815103],
       [ 1.67201214]]), array([[-0.19172373],
       [-0.13805616],
       [ 1.59590756]]), array([[-0.28843957],
       [-0.50830168],
       [ 1.56097506]]), array([[-0.14063877],
       [-0.0908957 ],
       [ 1.62875285]]), array([[ 0.12177712],
       [ 0.02564245],
       [ 1.68215277]])]
tvecs : 

[array([[  1.91506903],
       [ -3.65412037],
       [ 16.03333423]]), array([[  2.56644427],
       [ -8.20781881],
       [ 24.3472941 ]]), array([[ -0.39163919],
       [ -4.3830014 ],
       [ 22.90961811]]), array([[  8.40758173],
       [  3.70833147],
       [ 20.07752371]]), array([[  9.05976033],
       [ -4.43984095],
       [ 22.75046185]]), array([[  2.65031263],
       [ -5.53667209],
       [ 18.78779963]]), array([[  8.84638941],
       [ -1.89092584],
       [ 20.5970395 ]]), array([[  8.19466798],
       [ -5.44404917],
       [ 23.79089408]]), array([[  3.30341383],
       [ -1.8074392 ],
       [ 11.45842169]]), array([[  1.38744118],
       [ -3.83733807],
       [ 17.33751001]])]
